image: map_base.png
resolution: 0.050
origin: [-25.624998, -25.624998, 0.000000]
negate: 0
occupied_thresh: 0.65
free_thresh: 0.196

